image_size:
  width: 1920
  height: 630
intrinsics:
  k: [616.625219502153, 0.0, 953.517490713636, 0.0, 616.2007856249934, 498.49245496387283, 0.0, 0.0, 1.0]
extrinsics:
  rotation: [0.00523589, -0.999986, 2.74153e-05, -0.0209421, -0.000137062, -0.999781, 0.999767, 0.00523417, -0.0209425]
  translation: [0.0, -0.025, -0.12]
distortion:
  d: [-0.009043984784710288, -0.00984168948459366, 0.00013640375398168132, -0.0010776804739845835]